Point(1) = {0, 0, 0, 0.25};
Point(2) = {1, 1.732050807568877, 0, 0.25};
Point(3) = {-1, 1.732050807568877, 0, 0.25};
Line(1) = {1, 2};
Line(2) = {2, 3};
Line(3) = {3, 1};
Line Loop(5) = {3, 1, 2};
Plane Surface(5) = {5};